
===============
Runtime : 0/1000000
CE : 0
DUE : 0
SDC : 0

===============

===============
Runtime : 1000000
CE : 2978
DUE : 964919
SDC : 32103

===============

===============
Runtime : 1000000
CE : 0.00297800000
DUE : 0.96491900000
SDC : 0.03210300000

===============
