
===============
Runtime : 0/1000000
CE : 0
DUE : 0
SDC : 0

===============

===============
Runtime : 1000000
CE : 907710
DUE : 88000
SDC : 4290

===============

===============
Runtime : 1000000
CE : 0.90771000000
DUE : 0.08800000000
SDC : 0.00429000000

===============
