
===============
Runtime : 0/1000000
CE : 0
DUE : 0
SDC : 0

===============

===============
Runtime : 1000000
CE : 134776
DUE : 855290
SDC : 9934

===============

===============
Runtime : 1000000
CE : 0.13477600000
DUE : 0.85529000000
SDC : 0.00993400000

===============
