
===============
Runtime : 0/1000000
CE : 0
DUE : 0
SDC : 0

===============

===============
Runtime : 1000000
CE : 0
DUE : 1000000
SDC : 0

===============

===============
Runtime : 1000000
CE : 0.00000000000
DUE : 1.00000000000
SDC : 0.00000000000

===============
