
===============
Runtime : 0/1000000
CE : 0
DUE : 0
SDC : 0

===============

===============
Runtime : 1000000
CE : 389169
DUE : 591538
SDC : 19293

===============

===============
Runtime : 1000000
CE : 0.38916900000
DUE : 0.59153800000
SDC : 0.01929300000

===============
