
===============
Runtime : 0/1000000
CE : 0
DUE : 0
SDC : 0

===============

===============
Runtime : 1000000
CE : 216039
DUE : 783961
SDC : 0

===============

===============
Runtime : 1000000
CE : 0.21603900000
DUE : 0.78396100000
SDC : 0.00000000000

===============
